50 rounds of 100000 games
pl hands     wins      blackjack charlies  loses     breaks    dealerbjs pushes
-0.000782 102975    40284     4691      0         29078     16976     3247      8699
-0.007194 102996    40132     4730      0         29138     17188     3233      8575
-0.003838 103040    40188     4801      0         28802     17169     3356      8724
-0.006561 103113    40278     4653      0         29261     17162     3289      8470
-0.004739 102983    40236     4740      0         29011     17237     3152      8607
-0.005093 102976    40010     4845      0         28915     17305     3254      8647
-0.000694 102960    40278     4709      0         28848     17112     3215      8798
-0.008135 103009    39953     4774      0         29112     17343     3240      8587
-0.001966 103007    40313     4719      0         28664     17293     3288      8730
-0.004302 102984    40049     4822      0         28970     17196     3224      8723
-0.003113 102951    40238     4689      0         28823     17136     3206      8859
-0.004505 103004    40194     4802      0         28859     17108     3363      8678
-0.002844 103026    40083     4860      0         28803     17236     3297      8747
-0.010523 103064    40069     4671      0         29034     17389     3355      8546
 0.008489 102958    40743     4726      0         28701     16897     3178      8713
-0.008394 103050    40232     4584      0         29044     17258     3299      8633
-0.010415 102882    39924     4701      0         28794     17423     3350      8690
-0.003241 102916    40141     4827      0         28818     17258     3271      8601
-0.002637 102964    40183     4823      0         28991     17182     3154      8631
-0.002649 103075    40305     4722      0         28918     17104     3317      8709
-0.004503 103040    40232     4784      0         28775     17413     3284      8552
-0.014947 103132    39999     4581      0         29114     17566     3266      8606
-0.002432 103007    40212     4775      0         28863     17248     3171      8738
-0.005007 102951    40204     4671      0         28922     17204     3317      8633
 0.002335 103013    40458     4755      0         28669     17267     3222      8642
-0.004493 102938    40175     4725      0         28856     17269     3254      8659
-0.006996 102986    40197     4689      0         28845     17376     3348      8531
-0.001500 102993    40327     4757      0         29038     17225     3156      8490
-0.006833 102954    40114     4767      0         28802     17527     3261      8483
-0.007103 103058    40233     4712      0         28840     17252     3368      8653
-0.002228 102996    40118     4849      0         28940     17167     3238      8684
 0.004817 102968    40603     4800      0         28673     17012     3268      8612
-0.001243 102992    40313     4722      0         28701     17329     3262      8665
-0.007083 102998    40164     4683      0         28964     17263     3274      8650
-0.001505 103006    40433     4674      0         28933     17226     3193      8547
-0.001219 102914    40393     4677      0         28905     17061     3190      8688
-0.007024 103075    40309     4640      0         28935     17343     3239      8609
-0.011659 102927    39863     4678      0         29109     17287     3250      8740
-0.006065 102886    40082     4746      0         29055     17244     3194      8565
-0.000757 103001    40359     4796      0         28863     17078     3254      8651
-0.005630 103026    40170     4714      0         29007     17233     3249      8653
-0.005954 102964    40011     4760      0         28954     17441     3110      8688
-0.001267 103001    40387     4727      0         28708     17312     3238      8629
-0.005595 102946    40152     4718      0         29022     17125     3300      8629
-0.004582 103022    40030     4786      0         29047     17053     3250      8856
-0.009673 102966    39966     4758      0         29115     17209     3267      8651
-0.010697 102972    40024     4739      0         29127     17192     3373      8517
-0.005145 102916    40104     4747      0         28698     17296     3345      8726
-0.012995 103042    40100     4598      0         29236     17343     3318      8447
-0.006442 102924    40307     4568      0         28828     17376     3222      8623
time: 257.354
PASSED!

mean(pl) = -0.004731
stderr(pl) = 0.000597
CV = 89%
