50 rounds of 2000000 games
pl hands     wins      blackjack charlies  loses     breaks    dealerbjs pushes
-0.003633 2060034   804992    94155     0         578102    344718    64630     173437   
-0.004537 2060057   804464    94238     0         578056    344935    65131     173233
-0.004857 2059635   802937    94955     0         578002    345015    65166     173560
-0.005338 2059842   803057    94760     0         579652    344705    64611     173057
-0.006111 2060494   803195    94349     0         578994    345625    65139     173192
-0.003848 2059855   804608    94518     0         577325    345469    64848     173087
-0.003871 2059946   804754    94459     0         578129    344713    64448     173443
-0.004248 2059993   804424    94435     0         577626    345297    65165     173046
-0.005162 2059996   803113    94664     0         577904    345364    65154     173797
-0.004773 2059828   803330    94553     0         577318    345399    65008     174220
-0.003483 2059624   804244    94976     0         576769    345924    64847     172864
-0.006746 2060178   801606    94976     0         579930    345166    65001     173499
-0.006022 2059430   802211    94849     0         578063    346013    65048     173246
-0.004552 2059861   803723    94839     0         577959    344577    65124     173639
-0.005381 2060363   804055    94184     0         578861    344554    65261     173448
-0.005723 2059852   802570    94616     0         578574    345345    65040     173707
-0.003959 2059757   803737    94883     0         578175    344310    65272     173380
-0.004239 2059704   804408    94624     0         577892    344747    64798     173235
-0.006054 2060212   803045    94407     0         579171    345926    64639     173024
-0.005708 2059586   802997    94386     0         578303    345374    65019     173507
-0.005209 2059918   804276    94389     0         579351    344925    64931     172046
-0.002850 2060871   806139    94367     0         577406    345259    64870     172830
-0.005926 2060064   802753    94751     0         577923    346503    65082     173052
-0.005727 2060005   803196    94444     0         578602    345315    65120     173328
-0.005209 2060247   803044    94519     0         578062    345541    65465     173616
-0.004542 2059708   804266    94274     0         578183    344832    65310     172843
-0.003752 2059867   803640    94774     0         577502    344745    65024     174182
-0.004270 2060019   804342    94370     0         577619    344596    65423     173669
-0.006084 2059625   801786    94666     0         579121    345171    65251     173630
-0.004535 2060561   803385    95228     0         578970    344956    64851     173171
-0.006157 2059614   802891    94301     0         578609    345645    65183     172985
-0.004931 2060191   803694    94476     0         579230    344191    65231     173369
-0.006025 2059703   802328    94880     0         578220    345821    65294     173160
-0.003819 2059919   804316    94868     0         577804    344846    65075     173010
-0.002810 2059861   805234    95040     0         576221    345568    65092     172706
-0.003866 2059644   804856    94728     0         577784    344875    65119     172282
-0.003765 2060120   805025    94593     0         577423    345439    64893     172747
-0.004378 2060231   804436    94666     0         577827    345511    64913     172878
-0.004738 2059895   804017    94782     0         578228    344537    65351     172980
-0.005073 2060260   802961    95161     0         578723    345399    64837     173179
-0.004513 2060212   803969    94888     0         579093    344799    64696     172767
-0.005317 2060140   803114    94767     0         579097    344928    64794     173440
-0.004198 2060351   804476    94712     0         577967    345306    65175     172715
-0.005359 2059897   802806    94820     0         577929    345514    65348     173480
-0.004368 2059511   804073    94737     0         578289    345010    64832     172570
-0.004127 2059768   804077    94773     0         578473    344225    65263     172957
-0.004980 2060008   803974    94440     0         577986    345637    65142     172829
-0.005933 2060174   803404    94143     0         579309    345281    64886     173151
time: 5193.473
PASSED!

mean(pl) = -0.004838
stderr(pl) = 0.000130
CV = 19%
